f: 721.537700
px: 609.559300
py: 172.854000
baseline: 0.5327119288
